1.654
1.628
1.056
1.058
1.628
1.619
1.418
1.215
0.0
0.0
1.227
1.229
1.236
1.236
1.594
1.59
1.59
1.594
1.59
1.586
1.598
1.607
1.562
0.369
0.366
0.371
0.374
0.369
0.379
0.352
0.921
0.919
1.359
1.365
1.359
1.341
1.359
1.383
1.374
1.365
1.368
1.285
1.283
1.804
1.59
1.59
1.598
1.57
1.594
1.554
1.57
1.566
1.562
1.554
1.586
1.566
1.546
1.527
1.542
1.527
1.527
1.498
1.539
1.505
0.632
0.371
0.388
0.379
0.381
0.385
0.385
0.38
0.391
0.399
0.403
0.408
0.403
0.401
0.403
0.403
0.401
0.408
0.407
0.405
0.41
0.406
0.406
0.407
0.415
0.414
0.411
0.42
0.416
0.418
0.42
0.422
0.418
0.425
0.0
0.481
0.527
0.295
0.478
0.527
0.475
0.627
0.376
0.399
0.439
1.586
1.558
1.566
1.586
1.611
1.582
1.566
1.539
1.578
1.554
1.594
1.59
1.578
1.586
1.558
1.535
1.527
1.554
1.582
1.539
1.546
1.554
1.52
1.498
1.535
1.494
1.546
1.527
1.498
1.505
1.476
2.165
2.142
2.113
2.135
2.142
2.12
2.172
2.113
2.135
2.165
2.106
2.165
2.106
2.12
2.12
2.077
2.106
2.106
2.084
2.077
2.084
2.077
2.084
2.07
2.05
2.05
2.07
2.057
2.077
2.063
2.043
2.07
2.063
1.546
1.516
1.516
1.531
1.505
1.498
1.501
1.52
1.535
1.527
1.509
1.473
1.512
1.49
1.498
1.501
1.48
1.48
1.483
1.466
1.466
1.509
1.476
1.469
1.469
1.847
1.847
1.825
1.858
1.847
1.836
1.842
1.842
1.82
1.831
1.853
1.82
1.87
1.82
1.799
1.788
1.804
1.799
1.783
1.768
1.788
1.778
1.794
1.768
1.783
1.763
1.778
1.773
1.778
1.753
1.738
1.695
1.668
1.668
1.704
1.677
1.663
1.7
1.677
1.686
1.659
1.672
1.65
1.7
1.645
1.637
1.677
1.65
1.645
1.637
1.641
1.632
1.637
1.659
1.641
1.624
1.611
1.619
1.628
1.619
1.632
1.607
1.758
1.763
1.723
1.728
1.758
1.733
1.773
1.753
1.768
1.768
1.738
1.743
1.738
1.743
1.728
1.709
1.714
1.714
1.723
1.7
1.645
1.681
1.686
1.728
1.672
1.668
1.668
1.654
1.668
1.659
1.959
1.978
1.99
2.023
1.99
2.036
2.016
2.01
1.997
1.94
1.952
1.997
1.946
1.959
1.99
1.952
1.916
1.904
1.904
1.934
1.965
1.928
1.922
1.898
1.916
1.91
1.847
1.94
1.875
1.881
1.887
1.893
1.677
1.686
1.677
1.668
1.659
1.69
1.7
1.686
1.677
1.65
1.659
1.672
1.69
1.659
1.641
1.641
1.65
1.659
1.654
1.624
1.632
1.628
1.619
1.645
2.439
2.391
2.518
2.41
2.508
2.458
2.458
2.401
2.458
2.458
2.478
2.391
2.439
2.077
1.997
2.099
2.07
2.07
2.07
2.084
2.099
2.084
2.063
2.043
2.077
2.05
2.016
2.036
2.01
2.057
2.003
2.063
2.03
2.016
2.03
1.978
2.043
2.023
1.539
1.546
1.57
1.554
1.554
1.558
1.57
1.546
1.554
1.554
1.566
1.52
1.531
1.531
1.512
1.509
1.52
1.494
1.815
1.804
1.788
1.788
1.778
1.809
1.804
1.794
1.794
1.768
1.794
1.794
1.783
1.783
1.799
1.788
1.783
1.788
1.778
1.783
1.763
1.768
1.768
1.733
1.738
2.023
2.016
2.023
1.997
1.99
2.016
2.023
1.971
1.99
1.965
1.997
1.971
1.99
1.965
1.928
1.952
1.959
1.922
1.971
1.663
1.624
1.611
1.645
1.231
1.236
1.207
1.222
1.219
1.215
0.873
0.876
0.875
0.879
0.875
0.876
0.875
0.879
0.874
0.868
0.867
0.863
0.856
0.861
0.852
0.853
0.851
0.851
1.126
1.112
1.116
1.11
1.118
1.116
1.104
1.098
1.112
1.102
1.098
1.108
1.096
1.09
1.09
5.46
5.412
5.713
5.99
5.713
5.609
5.99
5.558
5.713
5.713
5.766
5.766
2.73
2.73
2.817
2.582
2.73
2.779
5.016
5.099
5.016
5.016
4.976
4.976
4.897
5.099
4.936
5.46
5.412
5.365
5.229
5.509
5.412
1.598
1.594
1.59
1.59
1.603
1.594
1.607
1.615
1.594
1.574
1.603
1.594
1.59
1.574
1.566
1.57
1.574
1.574
1.578
1.546
1.55
1.531
1.539
1.546
1.542
1.505
1.523
1.512
1.531
3.01
2.952
2.952
2.995
3.01
2.571
2.539
2.718
2.73
2.659
2.582
2.582
2.56
2.56
2.571
2.571
2.603
2.582
2.529
2.56
2.508
2.614
2.56
2.603
2.55
2.478
2.468
2.571
2.55
2.319
2.498
2.637
2.439
2.529
2.55
2.614
2.671
2.637
2.659
2.518
0.0
2.603
2.754
2.614
2.694
2.792
2.742
2.742
2.767
2.671
2.625
2.767
2.83
2.718
2.779
2.843
2.694
2.779
2.767
2.706
2.779
2.694
2.83
2.938
2.856
2.952
2.83
2.883
2.792
2.804
2.856
2.804
2.938
2.856
2.817
2.804
2.981
2.83
2.83
2.843
2.966
3.132
2.792
2.897
2.817
2.817
2.843
2.742
2.792
2.83
2.843
2.952
2.817
2.966
2.742
2.659
2.767
2.87
2.792
2.804
2.83
2.706
2.883
2.671
2.754
2.73
2.767
2.706
2.648
2.792
2.779
2.694
2.856
2.742
2.87
2.706
2.792
2.754
2.742
2.897
2.843
2.843
2.792
2.792
2.843
2.792
2.754
2.883
2.83
2.754
2.718
2.817
2.804
2.897
2.718
2.817
2.804
2.817
2.87
2.754
2.742
2.73
2.817
2.779
2.694
2.718
2.706
2.742
2.767
2.694
2.73
2.648
2.694
2.671
2.754
2.718
2.87
2.754
2.529
2.742
2.804
2.754
2.625
2.637
2.742
2.706
2.779
2.856
2.706
2.754
2.683
2.843
2.73
2.754
2.683
2.73
2.767
2.754
2.671
2.767
2.792
2.73
2.754
2.73
2.817
2.648
2.754
2.817
2.767
2.792
2.694
2.87
2.754
2.767
2.718
2.671
2.683
2.694
2.694
2.56
2.73
2.683
2.582
2.671
2.754
2.582
2.659
8.452
8.69
8.118
7.81
8.338
7.011
7.011
9.64
7.524
7.345
7.092
8.118
7.524
7.345
7.81
6.932
7.81
7.524
6.634
6.232
5.99
7.345
6.109
6.296
11.018
6.049
7.092
6.232
6.17
7.259
8.013
2.211
2.188
2.188
2.15
2.157
2.211
2.188
2.196
2.18
2.188
2.227
2.165
2.113
2.12
2.12
2.106
2.099
2.157
2.172
2.188
2.211
2.157
2.165
2.157
2.172
2.172
2.172
2.135
2.15
2.135
2.157
2.113
2.128
2.18
2.172
2.135
2.128
2.128
2.135
2.077
2.099
2.128
2.219
2.172
2.219
2.204
2.172
2.18
2.188
2.188
2.196
2.172
2.188
2.188
2.165
2.172
2.157
2.135
2.165
2.12
2.142
2.15
2.12
2.128
2.113
2.142
2.12
2.12
2.113
2.113
2.113
2.091
2.077
2.091
2.188
2.15
2.142
2.165
0.0
1.853
1.809
1.809
1.858
1.853
1.82
1.825
1.799
1.82
1.836
1.804
1.804
1.788
1.804
1.788
1.788
1.794
1.768
1.758
1.778
1.753
1.783
1.768
1.778
1.788
1.778
1.753
1.768
1.758
1.753
1.763
1.59
1.598
1.59
1.594
1.594
1.594
1.607
1.582
1.582
1.586
1.574
1.542
1.57
1.57
1.55
1.558
1.562
1.558
1.539
1.523
1.52
1.531
1.52
1.624
1.594
1.619
1.628
1.598
1.611
1.619
1.65
1.663
1.677
1.663
1.672
1.659
1.69
1.695
1.709
1.695
1.677
1.69
1.695
1.672
1.654
1.641
1.663
1.659
1.637
1.645
1.637
1.65
1.607
1.645
1.632
1.645
1.637
1.619
1.632
1.628
1.288
1.313
1.299
1.272
1.304
1.291
1.302
1.291
1.283
1.293
1.288
1.291
1.283
1.293
1.277
1.27
1.264
1.246
1.264
1.262
1.264
1.241
1.241
1.251
1.219
1.227
1.229
1.229
1.217
1.187
1.198
1.184
1.191
1.196
1.187
1.196
1.187
1.191
1.2
1.184
1.205
1.191
1.187
1.187
1.173
1.182
1.191
1.177
1.18
1.175
1.177
1.164
1.158
1.158
1.147
1.147
1.155
1.155
1.143
1.147
1.143
1.128
1.143
1.116
1.118
1.112
1.132
1.112
1.106
0.799
0.565
0.551
0.547
0.549
0.546
0.563
0.542
0.546
0.544
0.54
0.501
0.507
0.857
0.856
0.855
0.858
0.856
0.856
0.855
0.851
0.852
0.845
0.849
0.843
0.843
0.839
0.838
0.838
0.832
0.828
0.822
0.824
0.926
0.915
0.921
0.925
0.915
0.913
0.911
0.914
0.918
0.902
0.906
0.902
0.865
0.855
0.841
0.841
0.843
0.846
0.844
0.846
0.836
0.845
0.834
0.845
0.843
0.843
0.825
0.82
0.807
0.804
0.834
0.823
0.819
0.8
0.789
0.798
0.844
0.786
0.77
0.791
0.777
1.011
1.015
1.008
1.01
1.015
1.013
1.01
1.003
1.0
1.006
0.998
0.992
0.995
0.987
0.986
0.984
0.986
0.804
0.801
0.8
0.803
0.797
0.794
0.451
0.453
0.45
0.449
0.451
0.59
0.926
0.928
0.925
0.933
0.928
0.929
0.926
0.924
0.619
